229908000 228799900 227691800 226583700 225475600 224367500 223259400 222151300 221043200 219935100 218827000 217718900 216610800 215502700 214394600 213286500 212178400 211070300 209962200 208854100 
561428000 558715900 556003800 553291700 550579600 547867500 545155400 542443300 539731200 537019100 534307000 531594900 528882800 526170700 523458600 520746500 518034400 515322300 512610200 509898100 
892948000 888631900 884315800 879999700 875683600 871367500 867051400 862735300 858419200 854103100 849787000 845470900 841154800 836838700 832522600 828206500 823890400 819574300 815258200 810942100 
1224468000 1218547900 1212627800 1206707700 1200787600 1194867500 1188947400 1183027300 1177107200 1171187100 1165267000 1159346900 1153426800 1147506700 1141586600 1135666500 1129746400 1123826300 1117906200 1111986100 
1555988000 1548463900 1540939800 1533415700 1525891600 1518367500 1510843400 1503319300 1495795200 1488271100 1480747000 1473222900 1465698800 1458174700 1450650600 1443126500 1435602400 1428078300 1420554200 1413030100 
1887508000 1878379900 1869251800 1860123700 1850995600 1841867500 1832739400 1823611300 1814483200 1805355100 1796227000 1787098900 1777970800 1768842700 1759714600 1750586500 1741458400 1732330300 1723202200 1714074100 
2219028000 2208295900 2197563800 2186831700 2176099600 2165367500 2154635400 2143903300 2133171200 2122439100 2111707000 2100974900 2090242800 2079510700 2068778600 2058046500 2047314400 2036582300 2025850200 2015118100 
2550548000 2538211900 2525875800 2513539700 2501203600 2488867500 2476531400 2464195300 2451859200 2439523100 2427187000 2414850900 2402514800 2390178700 2377842600 2365506500 2353170400 2340834300 2328498200 2316162100 
2882068000 2868127900 2854187800 2840247700 2826307600 2812367500 2798427400 2784487300 2770547200 2756607100 2742667000 2728726900 2714786800 2700846700 2686906600 2672966500 2659026400 2645086300 2631146200 2617206100 
3213588000 3198043900 3182499800 3166955700 3151411600 3135867500 3120323400 3104779300 3089235200 3073691100 3058147000 3042602900 3027058800 3011514700 2995970600 2980426500 2964882400 2949338300 2933794200 2918250100 
3545108000 3527959900 3510811800 3493663700 3476515600 3459367500 3442219400 3425071300 3407923200 3390775100 3373627000 3356478900 3339330800 3322182700 3305034600 3287886500 3270738400 3253590300 3236442200 3219294100 
3876628000 3857875900 3839123800 3820371700 3801619600 3782867500 3764115400 3745363300 3726611200 3707859100 3689107000 3670354900 3651602800 3632850700 3614098600 3595346500 3576594400 3557842300 3539090200 3520338100 
4208148000 4187791900 4167435800 4147079700 4126723600 4106367500 4086011400 4065655300 4045299200 4024943100 4004587000 3984230900 3963874800 3943518700 3923162600 3902806500 3882450400 3862094300 3841738200 3821382100 
4539668000 4517707900 4495747800 4473787700 4451827600 4429867500 4407907400 4385947300 4363987200 4342027100 4320067000 4298106900 4276146800 4254186700 4232226600 4210266500 4188306400 4166346300 4144386200 4122426100 
4871188000 4847623900 4824059800 4800495700 4776931600 4753367500 4729803400 4706239300 4682675200 4659111100 4635547000 4611982900 4588418800 4564854700 4541290600 4517726500 4494162400 4470598300 4447034200 4423470100 
5202708000 5177539900 5152371800 5127203700 5102035600 5076867500 5051699400 5026531300 5001363200 4976195100 4951027000 4925858900 4900690800 4875522700 4850354600 4825186500 4800018400 4774850300 4749682200 4724514100 
5534228000 5507455900 5480683800 5453911700 5427139600 5400367500 5373595400 5346823300 5320051200 5293279100 5266507000 5239734900 5212962800 5186190700 5159418600 5132646500 5105874400 5079102300 5052330200 5025558100 
5865748000 5837371900 5808995800 5780619700 5752243600 5723867500 5695491400 5667115300 5638739200 5610363100 5581987000 5553610900 5525234800 5496858700 5468482600 5440106500 5411730400 5383354300 5354978200 5326602100 
6197268000 6167287900 6137307800 6107327700 6077347600 6047367500 6017387400 5987407300 5957427200 5927447100 5897467000 5867486900 5837506800 5807526700 5777546600 5747566500 5717586400 5687606300 5657626200 5627646100 
6528788000 6497203900 6465619800 6434035700 6402451600 6370867500 6339283400 6307699300 6276115200 6244531100 6212947000 6181362900 6149778800 6118194700 6086610600 6055026500 6023442400 5991858300 5960274200 5928690100 
