30800 30590 30380 30170 29960 29750 29540 29330 29120 28910 28700 28490 28280 28070 27860 27650 27440 27230 27020 26810 
114800 114190 113580 112970 112360 111750 111140 110530 109920 109310 108700 108090 107480 106870 106260 105650 105040 104430 103820 103210 
198800 197790 196780 195770 194760 193750 192740 191730 190720 189710 188700 187690 186680 185670 184660 183650 182640 181630 180620 179610 
282800 281390 279980 278570 277160 275750 274340 272930 271520 270110 268700 267290 265880 264470 263060 261650 260240 258830 257420 256010 
366800 364990 363180 361370 359560 357750 355940 354130 352320 350510 348700 346890 345080 343270 341460 339650 337840 336030 334220 332410 
450800 448590 446380 444170 441960 439750 437540 435330 433120 430910 428700 426490 424280 422070 419860 417650 415440 413230 411020 408810 
534800 532190 529580 526970 524360 521750 519140 516530 513920 511310 508700 506090 503480 500870 498260 495650 493040 490430 487820 485210 
618800 615790 612780 609770 606760 603750 600740 597730 594720 591710 588700 585690 582680 579670 576660 573650 570640 567630 564620 561610 
702800 699390 695980 692570 689160 685750 682340 678930 675520 672110 668700 665290 661880 658470 655060 651650 648240 644830 641420 638010 
786800 782990 779180 775370 771560 767750 763940 760130 756320 752510 748700 744890 741080 737270 733460 729650 725840 722030 718220 714410 
870800 866590 862380 858170 853960 849750 845540 841330 837120 832910 828700 824490 820280 816070 811860 807650 803440 799230 795020 790810 
954800 950190 945580 940970 936360 931750 927140 922530 917920 913310 908700 904090 899480 894870 890260 885650 881040 876430 871820 867210 
1038800 1033790 1028780 1023770 1018760 1013750 1008740 1003730 998720 993710 988700 983690 978680 973670 968660 963650 958640 953630 948620 943610 
1122800 1117390 1111980 1106570 1101160 1095750 1090340 1084930 1079520 1074110 1068700 1063290 1057880 1052470 1047060 1041650 1036240 1030830 1025420 1020010 
1206800 1200990 1195180 1189370 1183560 1177750 1171940 1166130 1160320 1154510 1148700 1142890 1137080 1131270 1125460 1119650 1113840 1108030 1102220 1096410 
1290800 1284590 1278380 1272170 1265960 1259750 1253540 1247330 1241120 1234910 1228700 1222490 1216280 1210070 1203860 1197650 1191440 1185230 1179020 1172810 
1374800 1368190 1361580 1354970 1348360 1341750 1335140 1328530 1321920 1315310 1308700 1302090 1295480 1288870 1282260 1275650 1269040 1262430 1255820 1249210 
1458800 1451790 1444780 1437770 1430760 1423750 1416740 1409730 1402720 1395710 1388700 1381690 1374680 1367670 1360660 1353650 1346640 1339630 1332620 1325610 
1542800 1535390 1527980 1520570 1513160 1505750 1498340 1490930 1483520 1476110 1468700 1461290 1453880 1446470 1439060 1431650 1424240 1416830 1409420 1402010 
1626800 1618990 1611180 1603370 1595560 1587750 1579940 1572130 1564320 1556510 1548700 1540890 1533080 1525270 1517460 1509650 1501840 1494030 1486220 1478410 
